0000,2000,0010,0020,2020,0000
0000,2000,0010,0020,2020,0000
0000,0000,0000,0000,0000,0000
0000,0000,0000,0000,0000,0000
0000,2000,0010,0040,1010,0000
0000,2000,0010,0040,1010,0000
0000,0000,0000,0000,0000,0000
0000,0000,0000,0000,0000,0000
0000,2000,0010,0040,2020,0000
0000,2000,0010,0040,2020,0000
0000,0000,0000,0000,0000,0000
0000,0000,0000,0000,0000,0000
0000,2000,0020,0040,2020,0000
0000,2000,0020,0040,2020,0000
0000,0000,0000,0000,0000,0000
0000,0000,0000,0000,0000,0000
0000,2000,0020,0040,4040,0000
0000,2000,0020,0040,4040,0000
0000,0000,0000,0000,0000,0000
0000,0000,0000,0000,0000,0000
0000,2000,0040,0040,4040,0000
0000,2000,0040,0040,4040,0000
0000,0000,0000,0000,0000,0000
0000,0000,0000,0000,0000,0000
0000,2000,0040,0080,4040,0000
0000,2000,0040,0080,4040,0000
0000,0000,0000,0000,0000,0000
0000,0000,0000,0000,0000,0000
0004,0000,0001,0008,0202,0000
0004,0000,0001,0008,0202,0000
0000,0000,0000,0000,0000,0000
0000,0000,0000,0000,0000,0000
0004,0000,0004,0010,0404,0000
0004,0000,0004,0010,0404,0000
0000,0000,0000,0000,0000,0000
0000,0000,0000,0000,0000,0000
0004,0000,0008,0020,0808,0000
0004,0000,0008,0020,0808,0000
0000,0000,0000,0000,0000,0000
0000,0000,0000,0000,0000,0000
0000,0000,0000,0000,0000,0000
0000,0000,0000,0000,0000,0000
0000,0000,0000,0000,0000,0000
0000,0000,0000,0000,0000,0000
0000,0000,0000,0000,0000,0000
0000,0000,0000,0000,0000,0000
0000,0000,0000,0000,0000,0000
0000,0000,0000,0000,0000,0000
0000,0000,0000,0000,0000,0000
0000,0000,0000,0000,0000,0000
0000,0000,0000,0000,0000,0000
0000,0000,0000,0000,0000,0000
0000,0000,0000,0000,0000,0000
0000,0000,0000,0000,0000,0000
0000,0000,0000,0000,0000,0000
0000,0000,0000,0000,0000,0000
0000,0000,0000,0000,0000,0000
0000,0000,0000,0000,0000,0000
0000,0000,0000,0000,0000,0000
0000,0000,0000,0000,0000,0000
0000,0000,0000,0000,0000,0000
0000,0000,0000,0000,0000,0000
0000,0000,0000,0000,0000,0000
0000,0000,0000,0000,0000,0000
0000,0000,0000,0000,0000,0000
0000,0000,0000,0000,0000,0000
0000,0000,0000,0000,0000,0000
0000,0000,0000,0000,0000,0000
0000,0000,0000,0000,0000,0000
0000,0000,0000,0000,0000,0000
0000,0000,0000,0000,0000,0000
0000,0000,0000,0000,0000,0000
0000,0000,0000,0000,0000,0000
0000,0000,0000,0000,0000,0000
0000,0000,0000,0000,0000,0000
0000,0000,0000,0000,0000,0000
0000,0000,0000,0000,0000,0000
0000,0000,0000,0000,0000,0000
0000,0000,0000,0000,0000,0000
0000,0000,0000,0000,0000,0000
0000,0000,0000,0000,0000,0000
0000,0000,0000,0000,0000,0000
0000,0000,0000,0000,0000,0000
0000,0000,0000,0000,0000,0000
0000,0000,0000,0000,0000,0000
0000,0000,0000,0000,0000,0000
0000,0000,0000,0000,0000,0000
0000,0000,0000,0000,0000,0000
0000,0000,0000,0000,0000,0000
0000,0000,0000,0000,0000,0000
0000,0000,0000,0000,0000,0000
0000,0000,0000,0000,0000,0000
0000,0000,0000,0000,0000,0000
0000,0000,0000,0000,0000,0000
0000,0000,0000,0000,0000,0000
0000,0000,0000,0000,0000,0000
0000,0000,0000,0000,0000,0000
0000,0000,0000,0000,0000,0000
0000,0000,0000,0000,0000,0000
0000,0000,0000,0000,0000,0000
0000,0000,0000,0000,0000,0000
0000,0000,0000,0000,0000,0000
0000,0000,0000,0000,0000,0000
0000,0000,0000,0000,0000,0000
0000,0000,0000,0000,0000,0000
0000,0000,0000,0000,0000,0000
0000,0000,0000,0000,0000,0000
0000,0000,0000,0000,0000,0000
0000,0000,0000,0000,0000,0000
0000,0000,0000,0000,0000,0000
0000,0000,0000,0000,0000,0000
0000,0000,0000,0000,0000,0000
0000,0000,0000,0000,0000,0000
0000,0000,0000,0000,0000,0000
0000,0000,0000,0000,0000,0000
0000,0000,0000,0000,0000,0000
0000,0000,0000,0000,0000,0000
0000,0000,0000,0000,0000,0000
0000,0000,0000,0000,0000,0000
0000,0000,0000,0000,0000,0000
0000,0000,0000,0000,0000,0000
0000,0000,0000,0000,0000,0000
0000,0000,0000,0000,0000,0000
0000,0000,0000,0000,0000,0000
0000,0000,0000,0000,0000,0000
0000,0000,0000,0000,0000,0000
0000,0000,0000,0000,0000,0000
0000,0000,0000,0000,0000,0000
0000,0000,0000,0000,0000,0000
0000,0000,0000,0000,0000,0000
0000,0000,0000,0000,0000,0000
0000,0000,0000,0000,0000,0000
0000,0000,0000,0000,0000,0000
0000,0000,0000,0000,0000,0000
0000,0000,0000,0000,0000,0000
0000,0000,0000,0000,0000,0000
0000,0000,0000,0000,0000,0000
0000,0000,0000,0000,0000,0000
0000,0000,0000,0000,0000,0000
0000,0000,0000,0000,0000,0000
0000,0000,0000,0000,0000,0000
0000,0000,0000,0000,0000,0000
0000,0000,0000,0000,0000,0000
0000,0000,0000,0000,0000,0000
0000,0000,0000,0000,0000,0000
0000,0000,0000,0000,0000,0000
0000,0000,0000,0000,0000,0000
0000,0000,0000,0000,0000,0000
0000,0000,0000,0000,0000,0000
0000,0000,0000,0000,0000,0000
0000,0000,0000,0000,0000,0000
0000,0000,0000,0000,0000,0000
0000,0000,0000,0000,0000,0000
0000,0000,0000,0000,0000,0000
0000,0000,0000,0000,0000,0000
0000,0000,0000,0000,0000,0000
0000,0000,0000,0000,0000,0000
0000,0000,0000,0000,0000,0000
0000,0000,0000,0000,0000,0000
0000,0000,0000,0000,0000,0000
0000,0000,0000,0000,0000,0000
0000,0000,0000,0000,0000,0000
0000,0000,0000,0000,0000,0000
0000,0000,0000,0000,0000,0000
0000,0000,0000,0000,0000,0000
0000,0000,0000,0000,0000,0000
0000,0000,0000,0000,0000,0000
0000,0000,0000,0000,0000,0000
0000,0000,0000,0000,0000,0000
0000,0000,0000,0000,0000,0000
0000,0000,0000,0000,0000,0000
0000,0000,0000,0000,0000,0000
0000,0000,0000,0000,0000,0000
0000,0000,0000,0000,0000,0000
0000,0000,0000,0000,0000,0000
0000,0000,0000,0000,0000,0000
0000,0000,0000,0000,0000,0000
0000,0000,0000,0000,0000,0000
0000,0000,0000,0000,0000,0000
0000,0000,0000,0000,0000,0000
0000,0000,0000,0000,0000,0000
0000,0000,0000,0000,0000,0000
0000,0000,0000,0000,0000,0000
0000,0000,0000,0000,0000,0000
0000,0000,0000,0000,0000,0000
0000,0000,0000,0000,0000,0000
0000,0000,0000,0000,0000,0000
0000,0000,0000,0000,0000,0000
0000,0000,0000,0000,0000,0000
0000,0000,0000,0000,0000,0000
0000,0000,0000,0000,0000,0000
0000,0000,0000,0000,0000,0000
0000,0000,0000,0000,0000,0000
0000,0000,0000,0000,0000,0000
0000,0000,0000,0000,0000,0000
0000,0000,0000,0000,0000,0000
0000,0000,0000,0000,0000,0000
0000,0000,0000,0000,0000,0000
0000,0000,0000,0000,0000,0000
0000,0000,0000,0000,0000,0000
0000,0000,0000,0000,0000,0000
0000,0000,0000,0000,0000,0000
0000,0000,0000,0000,0000,0000
0000,0000,0000,0000,0000,0000
0000,0000,0000,0000,0000,0000
0000,0000,0000,0000,0000,0000
0000,0000,0000,0000,0000,0000
0000,0000,0000,0000,0000,0000
0000,0000,0000,0000,0000,0000
0000,0000,0000,0000,0000,0000
0000,0000,0000,0000,0000,0000
0000,0000,0000,0000,0000,0000
0000,0000,0000,0000,0000,0000
0000,0000,0000,0000,0000,0000
0000,0000,0000,0000,0000,0000
0000,0000,0000,0000,0000,0000
0000,0000,0000,0000,0000,0000
0000,0000,0000,0000,0000,0000
0000,0000,0000,0000,0000,0000
0000,0000,0000,0000,0000,0000
0000,0000,0000,0000,0000,0000
0000,0000,0000,0000,0000,0000
0000,0000,0000,0000,0000,0000
0000,0000,0000,0000,0000,0000
0000,0000,0000,0000,0000,0000
0000,0000,0000,0000,0000,0000
0000,0000,0000,0000,0000,0000
0000,0000,0000,0000,0000,0000
0000,0000,0000,0000,0000,0000
0000,0000,0000,0000,0000,0000
0000,0000,0000,0000,0000,0000
0000,0000,0000,0000,0000,0000
0000,0000,0000,0000,0000,0000
0000,0000,0000,0000,0000,0000
0000,0000,0000,0000,0000,0000
0000,0000,0000,0000,0000,0000
0000,0000,0000,0000,0000,0000
0000,0000,0000,0000,0000,0000
0000,0000,0000,0000,0000,0000
0000,0000,0000,0000,0000,0000
0000,0000,0000,0000,0000,0000
0000,0000,0000,0000,0000,0000
0000,0000,0000,0000,0000,0000
0000,0000,0000,0000,0000,0000
0000,0000,0000,0000,0000,0000
0000,0000,0000,0000,0000,0000
0000,0000,0000,0000,0000,0000
0000,0000,0000,0000,0000,0000
0000,0000,0000,0000,0000,0000
0000,0000,0000,0000,0000,0000
0000,0000,0000,0000,0000,0000
0000,0000,0000,0000,0000,0000
0000,0000,0000,0000,0000,0000
0000,0000,0000,0000,0000,0000
0000,0000,0000,0000,0000,0000
0000,0000,0000,0000,0000,0000
