0000,1000,0800,0200,0000,0404
0000,1000,0800,0200,0000,0404
0000,0000,0000,0000,0000,0000
0000,0000,0000,0000,0000,0000
0000,1000,0800,0200,0000,0808
0000,1000,0800,0200,0000,0808
0000,0000,0000,0000,0000,0000
0000,0000,0000,0000,0000,0000
0000,1000,0800,0400,0000,0808
0000,1000,0800,0400,0000,0808
0000,0000,0000,0000,0000,0000
0000,0000,0000,0000,0000,0000
0000,1000,1000,0400,0000,0808
0000,1000,1000,0400,0000,0808
0000,0000,0000,0000,0000,0000
0000,0000,0000,0000,0000,0000
0000,1000,1000,0400,0000,1010
0000,1000,1000,0400,0000,1010
0000,0000,0000,0000,0000,0000
0000,0000,0000,0000,0000,0000
0000,1000,2000,0800,0000,2020
0000,1000,2000,0800,0000,2020
0000,0000,0000,0000,0000,0000
0000,0000,0000,0000,0000,0000
0000,1000,4000,0800,0000,2020
0000,1000,4000,0800,0000,2020
0000,0000,0000,0000,0000,0000
0000,0000,0000,0000,0000,0000
0000,1000,4000,0800,0000,4040
0000,1000,4000,0800,0000,4040
0000,0000,0000,0000,0000,0000
0000,0000,0000,0000,0000,0000
0000,1000,8000,1000,0000,4040
0000,1000,8000,1000,0000,4040
0000,0000,0000,0000,0000,0000
0000,0000,0000,0000,0000,0000
0000,2000,0200,0100,0000,0202
0000,2000,0200,0100,0000,0202
0000,0000,0000,0000,0000,0000
0000,0000,0000,0000,0000,0000
0000,0000,0000,0000,0000,0000
0000,0000,0000,0000,0000,0000
0000,0000,0000,0000,0000,0000
0000,0000,0000,0000,0000,0000
0000,0000,0000,0000,0000,0000
0000,0000,0000,0000,0000,0000
0000,0000,0000,0000,0000,0000
0000,0000,0000,0000,0000,0000
0000,0000,0000,0000,0000,0000
0000,0000,0000,0000,0000,0000
0000,0000,0000,0000,0000,0000
0000,0000,0000,0000,0000,0000
0000,0000,0000,0000,0000,0000
0000,0000,0000,0000,0000,0000
0000,0000,0000,0000,0000,0000
0000,0000,0000,0000,0000,0000
0000,0000,0000,0000,0000,0000
0000,0000,0000,0000,0000,0000
0000,0000,0000,0000,0000,0000
0000,0000,0000,0000,0000,0000
0000,0000,0000,0000,0000,0000
0000,0000,0000,0000,0000,0000
0000,0000,0000,0000,0000,0000
0000,0000,0000,0000,0000,0000
0000,0000,0000,0000,0000,0000
0000,0000,0000,0000,0000,0000
0000,0000,0000,0000,0000,0000
0000,0000,0000,0000,0000,0000
0000,0000,0000,0000,0000,0000
0000,0000,0000,0000,0000,0000
0000,0000,0000,0000,0000,0000
0000,0000,0000,0000,0000,0000
0000,0000,0000,0000,0000,0000
0000,0000,0000,0000,0000,0000
0000,0000,0000,0000,0000,0000
0000,0000,0000,0000,0000,0000
0000,0000,0000,0000,0000,0000
0000,0000,0000,0000,0000,0000
0000,0000,0000,0000,0000,0000
0000,0000,0000,0000,0000,0000
0000,0000,0000,0000,0000,0000
0000,0000,0000,0000,0000,0000
0000,0000,0000,0000,0000,0000
0000,0000,0000,0000,0000,0000
0000,0000,0000,0000,0000,0000
0000,0000,0000,0000,0000,0000
0000,0000,0000,0000,0000,0000
0000,0000,0000,0000,0000,0000
0000,0000,0000,0000,0000,0000
0000,0000,0000,0000,0000,0000
0000,0000,0000,0000,0000,0000
0000,0000,0000,0000,0000,0000
0000,0000,0000,0000,0000,0000
0000,0000,0000,0000,0000,0000
0000,0000,0000,0000,0000,0000
0000,0000,0000,0000,0000,0000
0000,0000,0000,0000,0000,0000
0000,0000,0000,0000,0000,0000
0000,0000,0000,0000,0000,0000
0000,0000,0000,0000,0000,0000
0000,0000,0000,0000,0000,0000
0000,0000,0000,0000,0000,0000
0000,0000,0000,0000,0000,0000
0000,0000,0000,0000,0000,0000
0000,0000,0000,0000,0000,0000
0000,0000,0000,0000,0000,0000
0000,0000,0000,0000,0000,0000
0000,0000,0000,0000,0000,0000
0000,0000,0000,0000,0000,0000
0000,0000,0000,0000,0000,0000
0000,0000,0000,0000,0000,0000
0000,0000,0000,0000,0000,0000
0000,0000,0000,0000,0000,0000
0000,0000,0000,0000,0000,0000
0000,0000,0000,0000,0000,0000
0000,0000,0000,0000,0000,0000
0000,0000,0000,0000,0000,0000
0000,0000,0000,0000,0000,0000
0000,0000,0000,0000,0000,0000
0000,0000,0000,0000,0000,0000
0000,0000,0000,0000,0000,0000
0000,0000,0000,0000,0000,0000
0000,0000,0000,0000,0000,0000
0000,0000,0000,0000,0000,0000
0000,0000,0000,0000,0000,0000
0000,0000,0000,0000,0000,0000
0000,0000,0000,0000,0000,0000
0000,0000,0000,0000,0000,0000
0000,0000,0000,0000,0000,0000
0000,0000,0000,0000,0000,0000
0000,0000,0000,0000,0000,0000
0000,0000,0000,0000,0000,0000
0000,0000,0000,0000,0000,0000
0000,0000,0000,0000,0000,0000
0000,0000,0000,0000,0000,0000
0000,0000,0000,0000,0000,0000
0000,0000,0000,0000,0000,0000
0000,0000,0000,0000,0000,0000
0000,0000,0000,0000,0000,0000
0000,0000,0000,0000,0000,0000
0000,0000,0000,0000,0000,0000
0000,0000,0000,0000,0000,0000
0000,0000,0000,0000,0000,0000
0000,0000,0000,0000,0000,0000
0000,0000,0000,0000,0000,0000
0000,0000,0000,0000,0000,0000
0000,0000,0000,0000,0000,0000
0000,0000,0000,0000,0000,0000
0000,0000,0000,0000,0000,0000
0000,0000,0000,0000,0000,0000
0000,0000,0000,0000,0000,0000
0000,0000,0000,0000,0000,0000
0000,0000,0000,0000,0000,0000
0000,0000,0000,0000,0000,0000
0000,0000,0000,0000,0000,0000
0000,0000,0000,0000,0000,0000
0000,0000,0000,0000,0000,0000
0000,0000,0000,0000,0000,0000
0000,0000,0000,0000,0000,0000
0000,0000,0000,0000,0000,0000
0000,0000,0000,0000,0000,0000
0000,0000,0000,0000,0000,0000
0000,0000,0000,0000,0000,0000
0000,0000,0000,0000,0000,0000
0000,0000,0000,0000,0000,0000
0000,0000,0000,0000,0000,0000
0000,0000,0000,0000,0000,0000
0000,0000,0000,0000,0000,0000
0000,0000,0000,0000,0000,0000
0000,0000,0000,0000,0000,0000
0000,0000,0000,0000,0000,0000
0000,0000,0000,0000,0000,0000
0000,0000,0000,0000,0000,0000
0000,0000,0000,0000,0000,0000
0000,0000,0000,0000,0000,0000
0000,0000,0000,0000,0000,0000
0000,0000,0000,0000,0000,0000
0000,0000,0000,0000,0000,0000
0000,0000,0000,0000,0000,0000
0000,0000,0000,0000,0000,0000
0000,0000,0000,0000,0000,0000
0000,0000,0000,0000,0000,0000
0000,0000,0000,0000,0000,0000
0000,0000,0000,0000,0000,0000
0000,0000,0000,0000,0000,0000
0000,0000,0000,0000,0000,0000
0000,0000,0000,0000,0000,0000
0000,0000,0000,0000,0000,0000
0000,0000,0000,0000,0000,0000
0000,0000,0000,0000,0000,0000
0000,0000,0000,0000,0000,0000
0000,0000,0000,0000,0000,0000
0000,0000,0000,0000,0000,0000
0000,0000,0000,0000,0000,0000
0000,0000,0000,0000,0000,0000
0000,0000,0000,0000,0000,0000
0000,0000,0000,0000,0000,0000
0000,0000,0000,0000,0000,0000
0000,0000,0000,0000,0000,0000
0000,0000,0000,0000,0000,0000
0000,0000,0000,0000,0000,0000
0000,0000,0000,0000,0000,0000
0000,0000,0000,0000,0000,0000
0000,0000,0000,0000,0000,0000
0000,0000,0000,0000,0000,0000
0000,0000,0000,0000,0000,0000
0000,0000,0000,0000,0000,0000
0000,0000,0000,0000,0000,0000
0000,0000,0000,0000,0000,0000
0000,0000,0000,0000,0000,0000
0000,0000,0000,0000,0000,0000
0000,0000,0000,0000,0000,0000
0000,0000,0000,0000,0000,0000
0000,0000,0000,0000,0000,0000
0000,0000,0000,0000,0000,0000
0000,0000,0000,0000,0000,0000
0000,0000,0000,0000,0000,0000
0000,0000,0000,0000,0000,0000
0000,0000,0000,0000,0000,0000
0000,0000,0000,0000,0000,0000
0000,0000,0000,0000,0000,0000
0000,0000,0000,0000,0000,0000
0000,0000,0000,0000,0000,0000
0000,0000,0000,0000,0000,0000
0000,0000,0000,0000,0000,0000
0000,0000,0000,0000,0000,0000
0000,0000,0000,0000,0000,0000
0000,0000,0000,0000,0000,0000
0000,0000,0000,0000,0000,0000
0000,0000,0000,0000,0000,0000
0000,0000,0000,0000,0000,0000
0000,0000,0000,0000,0000,0000
0000,0000,0000,0000,0000,0000
0000,0000,0000,0000,0000,0000
0000,0000,0000,0000,0000,0000
0000,0000,0000,0000,0000,0000
0000,0000,0000,0000,0000,0000
0000,0000,0000,0000,0000,0000
0000,0000,0000,0000,0000,0000
0000,0000,0000,0000,0000,0000
0000,0000,0000,0000,0000,0000
0000,0000,0000,0000,0000,0000
0000,0000,0000,0000,0000,0000
0000,0000,0000,0000,0000,0000
0000,0000,0000,0000,0000,0000
0000,0000,0000,0000,0000,0000
0000,0000,0000,0000,0000,0000
0000,0000,0000,0000,0000,0000
0000,0000,0000,0000,0000,0000
0000,0000,0000,0000,0000,0000
0000,0000,0000,0000,0000,0000
0000,0000,0000,0000,0000,0000
0000,0000,0000,0000,0000,0000
0000,0000,0000,0000,0000,0000
0000,0000,0000,0000,0000,0000
0000,0000,0000,0000,0000,0000
