0004,0000,2000,0800,0000,2020
0004,0000,2000,0800,0000,2020
0000,0000,0000,0000,0000,0000
0000,0000,0000,0000,0000,0000
0004,0000,2000,0800,0000,1010
0004,0000,2000,0800,0000,1010
0000,0000,0000,0000,0000,0000
0000,0000,0000,0000,0000,0000
0004,0000,1000,0800,0000,1010
0004,0000,1000,0800,0000,1010
0000,0000,0000,0000,0000,0000
0000,0000,0000,0000,0000,0000
0004,0000,1000,0800,0000,0808
0004,0000,1000,0800,0000,0808
0000,0000,0000,0000,0000,0000
0000,0000,0000,0000,0000,0000
0004,0000,1000,0400,0000,1010
0004,0000,1000,0400,0000,1010
0000,0000,0000,0000,0000,0000
0000,0000,0000,0000,0000,0000
0004,0000,1000,0400,0000,0808
0004,0000,1000,0400,0000,0808
0000,0000,0000,0000,0000,0000
0000,0000,0000,0000,0000,0000
0004,0000,0800,0400,0000,0808
0004,0000,0800,0400,0000,0808
0000,0000,0000,0000,0000,0000
0000,0000,0000,0000,0000,0000
0004,0000,0800,0400,0000,0404
0004,0000,0800,0400,0000,0404
0000,0000,0000,0000,0000,0000
0000,0000,0000,0000,0000,0000
0004,0000,0400,0200,0000,0404
0004,0000,0400,0200,0000,0404
0000,0000,0000,0000,0000,0000
0000,0000,0000,0000,0000,0000
0000,2000,4000,1000,0000,4040
0000,2000,4000,1000,0000,4040
0000,0000,0000,0000,0000,0000
0000,0000,0000,0000,0000,0000
0000,0000,0000,0000,0000,0000
0000,0000,0000,0000,0000,0000
0000,0000,0000,0000,0000,0000
0000,0000,0000,0000,0000,0000
0000,0000,0000,0000,0000,0000
0000,0000,0000,0000,0000,0000
0000,0000,0000,0000,0000,0000
0000,0000,0000,0000,0000,0000
0000,0000,0000,0000,0000,0000
0000,0000,0000,0000,0000,0000
0000,0000,0000,0000,0000,0000
0000,0000,0000,0000,0000,0000
0000,0000,0000,0000,0000,0000
0000,0000,0000,0000,0000,0000
0000,0000,0000,0000,0000,0000
0000,0000,0000,0000,0000,0000
0000,0000,0000,0000,0000,0000
0000,0000,0000,0000,0000,0000
0000,0000,0000,0000,0000,0000
0000,0000,0000,0000,0000,0000
0000,0000,0000,0000,0000,0000
0000,0000,0000,0000,0000,0000
0000,0000,0000,0000,0000,0000
0000,0000,0000,0000,0000,0000
0000,0000,0000,0000,0000,0000
0000,0000,0000,0000,0000,0000
0000,0000,0000,0000,0000,0000
0000,0000,0000,0000,0000,0000
0000,0000,0000,0000,0000,0000
0000,0000,0000,0000,0000,0000
0000,0000,0000,0000,0000,0000
0000,0000,0000,0000,0000,0000
0000,0000,0000,0000,0000,0000
0000,0000,0000,0000,0000,0000
0000,0000,0000,0000,0000,0000
0000,0000,0000,0000,0000,0000
0000,0000,0000,0000,0000,0000
0000,0000,0000,0000,0000,0000
0000,0000,0000,0000,0000,0000
0000,0000,0000,0000,0000,0000
0000,0000,0000,0000,0000,0000
0000,0000,0000,0000,0000,0000
0000,0000,0000,0000,0000,0000
0000,0000,0000,0000,0000,0000
0000,0000,0000,0000,0000,0000
0000,0000,0000,0000,0000,0000
0000,0000,0000,0000,0000,0000
0000,0000,0000,0000,0000,0000
0000,0000,0000,0000,0000,0000
0000,0000,0000,0000,0000,0000
0000,0000,0000,0000,0000,0000
0000,0000,0000,0000,0000,0000
0000,0000,0000,0000,0000,0000
0000,0000,0000,0000,0000,0000
0000,0000,0000,0000,0000,0000
0000,0000,0000,0000,0000,0000
0000,0000,0000,0000,0000,0000
0000,0000,0000,0000,0000,0000
0000,0000,0000,0000,0000,0000
0000,0000,0000,0000,0000,0000
0000,0000,0000,0000,0000,0000
0000,0000,0000,0000,0000,0000
0000,0000,0000,0000,0000,0000
0000,0000,0000,0000,0000,0000
0000,0000,0000,0000,0000,0000
0000,0000,0000,0000,0000,0000
0000,0000,0000,0000,0000,0000
0000,0000,0000,0000,0000,0000
0000,0000,0000,0000,0000,0000
0000,0000,0000,0000,0000,0000
0000,0000,0000,0000,0000,0000
0000,0000,0000,0000,0000,0000
0000,0000,0000,0000,0000,0000
0000,0000,0000,0000,0000,0000
0000,0000,0000,0000,0000,0000
0000,0000,0000,0000,0000,0000
0000,0000,0000,0000,0000,0000
0000,0000,0000,0000,0000,0000
0000,0000,0000,0000,0000,0000
0000,0000,0000,0000,0000,0000
0000,0000,0000,0000,0000,0000
0000,0000,0000,0000,0000,0000
0000,0000,0000,0000,0000,0000
0000,0000,0000,0000,0000,0000
0000,0000,0000,0000,0000,0000
0000,0000,0000,0000,0000,0000
0000,0000,0000,0000,0000,0000
0000,0000,0000,0000,0000,0000
0000,0000,0000,0000,0000,0000
0000,0000,0000,0000,0000,0000
0000,0000,0000,0000,0000,0000
0000,0000,0000,0000,0000,0000
0000,0000,0000,0000,0000,0000
0000,0000,0000,0000,0000,0000
0000,0000,0000,0000,0000,0000
0000,0000,0000,0000,0000,0000
0000,0000,0000,0000,0000,0000
0000,0000,0000,0000,0000,0000
0000,0000,0000,0000,0000,0000
0000,0000,0000,0000,0000,0000
0000,0000,0000,0000,0000,0000
0000,0000,0000,0000,0000,0000
0000,0000,0000,0000,0000,0000
0000,0000,0000,0000,0000,0000
0000,0000,0000,0000,0000,0000
0000,0000,0000,0000,0000,0000
0000,0000,0000,0000,0000,0000
0000,0000,0000,0000,0000,0000
0000,0000,0000,0000,0000,0000
0000,0000,0000,0000,0000,0000
0000,0000,0000,0000,0000,0000
0000,0000,0000,0000,0000,0000
0000,0000,0000,0000,0000,0000
0000,0000,0000,0000,0000,0000
0000,0000,0000,0000,0000,0000
0000,0000,0000,0000,0000,0000
0000,0000,0000,0000,0000,0000
0000,0000,0000,0000,0000,0000
0000,0000,0000,0000,0000,0000
0000,0000,0000,0000,0000,0000
0000,0000,0000,0000,0000,0000
0000,0000,0000,0000,0000,0000
0000,0000,0000,0000,0000,0000
0000,0000,0000,0000,0000,0000
0000,0000,0000,0000,0000,0000
0000,0000,0000,0000,0000,0000
0000,0000,0000,0000,0000,0000
0000,0000,0000,0000,0000,0000
0000,0000,0000,0000,0000,0000
0000,0000,0000,0000,0000,0000
0000,0000,0000,0000,0000,0000
0000,0000,0000,0000,0000,0000
0000,0000,0000,0000,0000,0000
0000,0000,0000,0000,0000,0000
0000,0000,0000,0000,0000,0000
0000,0000,0000,0000,0000,0000
0000,0000,0000,0000,0000,0000
0000,0000,0000,0000,0000,0000
0000,0000,0000,0000,0000,0000
0000,0000,0000,0000,0000,0000
0000,0000,0000,0000,0000,0000
0000,0000,0000,0000,0000,0000
0000,0000,0000,0000,0000,0000
0000,0000,0000,0000,0000,0000
0000,0000,0000,0000,0000,0000
0000,0000,0000,0000,0000,0000
0000,0000,0000,0000,0000,0000
0000,0000,0000,0000,0000,0000
0000,0000,0000,0000,0000,0000
0000,0000,0000,0000,0000,0000
0000,0000,0000,0000,0000,0000
0000,0000,0000,0000,0000,0000
0000,0000,0000,0000,0000,0000
0000,0000,0000,0000,0000,0000
0000,0000,0000,0000,0000,0000
0000,0000,0000,0000,0000,0000
0000,0000,0000,0000,0000,0000
0000,0000,0000,0000,0000,0000
0000,0000,0000,0000,0000,0000
0000,0000,0000,0000,0000,0000
0000,0000,0000,0000,0000,0000
0000,0000,0000,0000,0000,0000
0000,0000,0000,0000,0000,0000
0000,0000,0000,0000,0000,0000
0000,0000,0000,0000,0000,0000
0000,0000,0000,0000,0000,0000
0000,0000,0000,0000,0000,0000
0000,0000,0000,0000,0000,0000
0000,0000,0000,0000,0000,0000
0000,0000,0000,0000,0000,0000
0000,0000,0000,0000,0000,0000
0000,0000,0000,0000,0000,0000
0000,0000,0000,0000,0000,0000
0000,0000,0000,0000,0000,0000
0000,0000,0000,0000,0000,0000
0000,0000,0000,0000,0000,0000
0000,0000,0000,0000,0000,0000
0000,0000,0000,0000,0000,0000
0000,0000,0000,0000,0000,0000
0000,0000,0000,0000,0000,0000
0000,0000,0000,0000,0000,0000
0000,0000,0000,0000,0000,0000
0000,0000,0000,0000,0000,0000
0000,0000,0000,0000,0000,0000
0000,0000,0000,0000,0000,0000
0000,0000,0000,0000,0000,0000
0000,0000,0000,0000,0000,0000
0000,0000,0000,0000,0000,0000
0000,0000,0000,0000,0000,0000
0000,0000,0000,0000,0000,0000
0000,0000,0000,0000,0000,0000
0000,0000,0000,0000,0000,0000
0000,0000,0000,0000,0000,0000
0000,0000,0000,0000,0000,0000
0000,0000,0000,0000,0000,0000
0000,0000,0000,0000,0000,0000
0000,0000,0000,0000,0000,0000
0000,0000,0000,0000,0000,0000
0000,0000,0000,0000,0000,0000
0000,0000,0000,0000,0000,0000
0000,0000,0000,0000,0000,0000
0000,0000,0000,0000,0000,0000
0000,0000,0000,0000,0000,0000
0000,0000,0000,0000,0000,0000
0000,0000,0000,0000,0000,0000
0000,0000,0000,0000,0000,0000
0000,0000,0000,0000,0000,0000
0000,0000,0000,0000,0000,0000
0000,0000,0000,0000,0000,0000
0000,0000,0000,0000,0000,0000
0000,0000,0000,0000,0000,0000
0000,0000,0000,0000,0000,0000
0000,0000,0000,0000,0000,0000
0000,0000,0000,0000,0000,0000
0000,0000,0000,0000,0000,0000
0000,0000,0000,0000,0000,0000
