0010,0000,8000,2000,0000,4040
0010,0000,8000,2000,0000,4040
0000,0000,0000,0000,0000,0000
0000,0000,0000,0000,0000,0000
0010,0000,4000,2000,0000,4040
0010,0000,4000,2000,0000,4040
0000,0000,0000,0000,0000,0000
0000,0000,0000,0000,0000,0000
0010,0000,4000,1000,0000,4040
0010,0000,4000,1000,0000,4040
0000,0000,0000,0000,0000,0000
0000,0000,0000,0000,0000,0000
0008,0000,8000,2000,0000,4040
0008,0000,8000,2000,0000,4040
0000,0000,0000,0000,0000,0000
0000,0000,0000,0000,0000,0000
0008,0000,8000,1000,0000,4040
0008,0000,8000,1000,0000,4040
0000,0000,0000,0000,0000,0000
0000,0000,0000,0000,0000,0000
0008,0000,4000,1000,0000,4040
0008,0000,4000,1000,0000,4040
0000,0000,0000,0000,0000,0000
0000,0000,0000,0000,0000,0000
0008,0000,4000,1000,0000,2020
0008,0000,4000,1000,0000,2020
0000,0000,0000,0000,0000,0000
0000,0000,0000,0000,0000,0000
0008,0000,2000,1000,0000,2020
0008,0000,2000,1000,0000,2020
0000,0000,0000,0000,0000,0000
0000,0000,0000,0000,0000,0000
0008,0000,2000,1000,0000,1010
0008,0000,2000,1000,0000,1010
0000,0000,0000,0000,0000,0000
0000,0000,0000,0000,0000,0000
0008,0000,2000,0800,0000,2020
0008,0000,2000,0800,0000,2020
0000,0000,0000,0000,0000,0000
0000,0000,0000,0000,0000,0000
0000,0000,0000,0000,0000,0000
0000,0000,0000,0000,0000,0000
0000,0000,0000,0000,0000,0000
0000,0000,0000,0000,0000,0000
0000,0000,0000,0000,0000,0000
0000,0000,0000,0000,0000,0000
0000,0000,0000,0000,0000,0000
0000,0000,0000,0000,0000,0000
0000,0000,0000,0000,0000,0000
0000,0000,0000,0000,0000,0000
0000,0000,0000,0000,0000,0000
0000,0000,0000,0000,0000,0000
0000,0000,0000,0000,0000,0000
0000,0000,0000,0000,0000,0000
0000,0000,0000,0000,0000,0000
0000,0000,0000,0000,0000,0000
0000,0000,0000,0000,0000,0000
0000,0000,0000,0000,0000,0000
0000,0000,0000,0000,0000,0000
0000,0000,0000,0000,0000,0000
0000,0000,0000,0000,0000,0000
0000,0000,0000,0000,0000,0000
0000,0000,0000,0000,0000,0000
0000,0000,0000,0000,0000,0000
0000,0000,0000,0000,0000,0000
0000,0000,0000,0000,0000,0000
0000,0000,0000,0000,0000,0000
0000,0000,0000,0000,0000,0000
0000,0000,0000,0000,0000,0000
0000,0000,0000,0000,0000,0000
0000,0000,0000,0000,0000,0000
0000,0000,0000,0000,0000,0000
0000,0000,0000,0000,0000,0000
0000,0000,0000,0000,0000,0000
0000,0000,0000,0000,0000,0000
0000,0000,0000,0000,0000,0000
0000,0000,0000,0000,0000,0000
0000,0000,0000,0000,0000,0000
0000,0000,0000,0000,0000,0000
0000,0000,0000,0000,0000,0000
0000,0000,0000,0000,0000,0000
0000,0000,0000,0000,0000,0000
0000,0000,0000,0000,0000,0000
0000,0000,0000,0000,0000,0000
0000,0000,0000,0000,0000,0000
0000,0000,0000,0000,0000,0000
0000,0000,0000,0000,0000,0000
0000,0000,0000,0000,0000,0000
0000,0000,0000,0000,0000,0000
0000,0000,0000,0000,0000,0000
0000,0000,0000,0000,0000,0000
0000,0000,0000,0000,0000,0000
0000,0000,0000,0000,0000,0000
0000,0000,0000,0000,0000,0000
0000,0000,0000,0000,0000,0000
0000,0000,0000,0000,0000,0000
0000,0000,0000,0000,0000,0000
0000,0000,0000,0000,0000,0000
0000,0000,0000,0000,0000,0000
0000,0000,0000,0000,0000,0000
0000,0000,0000,0000,0000,0000
0000,0000,0000,0000,0000,0000
0000,0000,0000,0000,0000,0000
0000,0000,0000,0000,0000,0000
0000,0000,0000,0000,0000,0000
0000,0000,0000,0000,0000,0000
0000,0000,0000,0000,0000,0000
0000,0000,0000,0000,0000,0000
0000,0000,0000,0000,0000,0000
0000,0000,0000,0000,0000,0000
0000,0000,0000,0000,0000,0000
0000,0000,0000,0000,0000,0000
0000,0000,0000,0000,0000,0000
0000,0000,0000,0000,0000,0000
0000,0000,0000,0000,0000,0000
0000,0000,0000,0000,0000,0000
0000,0000,0000,0000,0000,0000
0000,0000,0000,0000,0000,0000
0000,0000,0000,0000,0000,0000
0000,0000,0000,0000,0000,0000
0000,0000,0000,0000,0000,0000
0000,0000,0000,0000,0000,0000
0000,0000,0000,0000,0000,0000
0000,0000,0000,0000,0000,0000
0000,0000,0000,0000,0000,0000
0000,0000,0000,0000,0000,0000
0000,0000,0000,0000,0000,0000
0000,0000,0000,0000,0000,0000
0000,0000,0000,0000,0000,0000
0000,0000,0000,0000,0000,0000
0000,0000,0000,0000,0000,0000
0000,0000,0000,0000,0000,0000
0000,0000,0000,0000,0000,0000
0000,0000,0000,0000,0000,0000
0000,0000,0000,0000,0000,0000
0000,0000,0000,0000,0000,0000
0000,0000,0000,0000,0000,0000
0000,0000,0000,0000,0000,0000
0000,0000,0000,0000,0000,0000
0000,0000,0000,0000,0000,0000
0000,0000,0000,0000,0000,0000
0000,0000,0000,0000,0000,0000
0000,0000,0000,0000,0000,0000
0000,0000,0000,0000,0000,0000
0000,0000,0000,0000,0000,0000
0000,0000,0000,0000,0000,0000
0000,0000,0000,0000,0000,0000
0000,0000,0000,0000,0000,0000
0000,0000,0000,0000,0000,0000
0000,0000,0000,0000,0000,0000
0000,0000,0000,0000,0000,0000
0000,0000,0000,0000,0000,0000
0000,0000,0000,0000,0000,0000
0000,0000,0000,0000,0000,0000
0000,0000,0000,0000,0000,0000
0000,0000,0000,0000,0000,0000
0000,0000,0000,0000,0000,0000
0000,0000,0000,0000,0000,0000
0000,0000,0000,0000,0000,0000
0000,0000,0000,0000,0000,0000
0000,0000,0000,0000,0000,0000
0000,0000,0000,0000,0000,0000
0000,0000,0000,0000,0000,0000
0000,0000,0000,0000,0000,0000
0000,0000,0000,0000,0000,0000
0000,0000,0000,0000,0000,0000
0000,0000,0000,0000,0000,0000
0000,0000,0000,0000,0000,0000
0000,0000,0000,0000,0000,0000
0000,0000,0000,0000,0000,0000
0000,0000,0000,0000,0000,0000
0000,0000,0000,0000,0000,0000
0000,0000,0000,0000,0000,0000
0000,0000,0000,0000,0000,0000
0000,0000,0000,0000,0000,0000
0000,0000,0000,0000,0000,0000
0000,0000,0000,0000,0000,0000
0000,0000,0000,0000,0000,0000
0000,0000,0000,0000,0000,0000
0000,0000,0000,0000,0000,0000
0000,0000,0000,0000,0000,0000
0000,0000,0000,0000,0000,0000
0000,0000,0000,0000,0000,0000
0000,0000,0000,0000,0000,0000
0000,0000,0000,0000,0000,0000
0000,0000,0000,0000,0000,0000
0000,0000,0000,0000,0000,0000
0000,0000,0000,0000,0000,0000
0000,0000,0000,0000,0000,0000
0000,0000,0000,0000,0000,0000
0000,0000,0000,0000,0000,0000
0000,0000,0000,0000,0000,0000
0000,0000,0000,0000,0000,0000
0000,0000,0000,0000,0000,0000
0000,0000,0000,0000,0000,0000
0000,0000,0000,0000,0000,0000
0000,0000,0000,0000,0000,0000
0000,0000,0000,0000,0000,0000
0000,0000,0000,0000,0000,0000
0000,0000,0000,0000,0000,0000
0000,0000,0000,0000,0000,0000
0000,0000,0000,0000,0000,0000
0000,0000,0000,0000,0000,0000
0000,0000,0000,0000,0000,0000
0000,0000,0000,0000,0000,0000
0000,0000,0000,0000,0000,0000
0000,0000,0000,0000,0000,0000
0000,0000,0000,0000,0000,0000
0000,0000,0000,0000,0000,0000
0000,0000,0000,0000,0000,0000
0000,0000,0000,0000,0000,0000
0000,0000,0000,0000,0000,0000
0000,0000,0000,0000,0000,0000
0000,0000,0000,0000,0000,0000
0000,0000,0000,0000,0000,0000
0000,0000,0000,0000,0000,0000
0000,0000,0000,0000,0000,0000
0000,0000,0000,0000,0000,0000
0000,0000,0000,0000,0000,0000
0000,0000,0000,0000,0000,0000
0000,0000,0000,0000,0000,0000
0000,0000,0000,0000,0000,0000
0000,0000,0000,0000,0000,0000
0000,0000,0000,0000,0000,0000
0000,0000,0000,0000,0000,0000
0000,0000,0000,0000,0000,0000
0000,0000,0000,0000,0000,0000
0000,0000,0000,0000,0000,0000
0000,0000,0000,0000,0000,0000
0000,0000,0000,0000,0000,0000
0000,0000,0000,0000,0000,0000
0000,0000,0000,0000,0000,0000
0000,0000,0000,0000,0000,0000
0000,0000,0000,0000,0000,0000
0000,0000,0000,0000,0000,0000
0000,0000,0000,0000,0000,0000
0000,0000,0000,0000,0000,0000
0000,0000,0000,0000,0000,0000
0000,0000,0000,0000,0000,0000
0000,0000,0000,0000,0000,0000
0000,0000,0000,0000,0000,0000
0000,0000,0000,0000,0000,0000
0000,0000,0000,0000,0000,0000
0000,0000,0000,0000,0000,0000
0000,0000,0000,0000,0000,0000
0000,0000,0000,0000,0000,0000
0000,0000,0000,0000,0000,0000
0000,0000,0000,0000,0000,0000
0000,0000,0000,0000,0000,0000
0000,0000,0000,0000,0000,0000
0000,0000,0000,0000,0000,0000
0000,0000,0000,0000,0000,0000
0000,0000,0000,0000,0000,0000
0000,0000,0000,0000,0000,0000
0000,0000,0000,0000,0000,0000
0000,0000,0000,0000,0000,0000
